8	1	2	3	4	5	9	10	11
11	5.0	5.2	5.4	5.6	5.8	6.0	6.2	6.4	6.6	6.8	7.0
12	7	2	4	6	10	20	34.02	68.05	100	200	400	600	1000
1	1.729	2	4	6	10	20	34.02	68.05	100	200	400	600	1000
2838.09	2590.12	2538.78	2265.79	2117.32	1941.19	1720.36	1564.25	1376.42	1279.47	1117.39	970.7	891.74	799.25
2838.09	2623.73	2574.66	2318.09	2173.93	2000.56	1781.8	1627.44	1442.98	1348.6	1192.4	1052.79	978.17	890.75
20.688	20.688	20.688	20.688	20.688	20.688	20.688	20.688	20.688	20.688	20.688	20.688	20.688	20.688
20.688	20.749	20.759	20.792	20.802	20.808	20.81	20.811	20.811	20.811	20.811	20.811	20.811	20.811
0	1	1.0103	1.3105	1.6417	2.2576	3.6042	5.2445	8.6677	11.504	19.237	32.27	43.702	64.044
0	1	1.0115	1.3188	1.6556	2.2822	3.6567	5.34	8.8828	11.845	20.027	34.096	46.657	69.38
0	1651.1	1651.1	1651.1	1651.1	1651.1	1651.1	1651.1	1651.1	1651.1	1651.1	1651.1	1651.1	1651.1
0	1662.1	1662.1	1662.1	1662.1	1662.1	1662.1	1662.1	1662.1	1662.1	1662.1	1662.1	1662.1	1662.1
0	0.675	0.7409	1.0196	1.1408	1.2677	1.4074	1.496	1.5932	1.6398	1.7128	1.7739	1.805	1.8399
0	0.6684	0.7381	1.0178	1.1399	1.268	1.4095	1.4995	1.5987	1.6466	1.7221	1.7862	1.8192	1.8568
0	1114.4	1223.3	1683.4	1883.6	2093	2323.7	2469.9	2630.4	2707.4	2827.9	2928.8	2980.1	3037.8
0	1111	1226.7	1691.6	1894.6	2107.5	2342.7	2492.2	2657.2	2736.8	2862.3	2968.8	3023.7	3086.1
0.12942													
0.11729													
0.00357													
0.10041													
0.64158													
0.00015													
0.00722													
0.00037													
0.12942	0.12613	0.12534	0.12066	0.11745	0.11277	0.10513	0.09813	0.08734	0.08052	0.06683	0.0518	0.04278	0.03175
0.11729	0.1213	0.12221	0.1273	0.13062	0.13536	0.14303	0.15004	0.16083	0.16766	0.18134	0.19638	0.20539	0.21642
0.00357	0.00216	0.0019	0.00084	0.00048	0.00021	0.00006	0.00002	0	0	0	0	0	0
0.10041	0.10259	0.10326	0.10767	0.11089	0.11561	0.1233	0.13032	0.14112	0.14794	0.16163	0.17666	0.18568	0.19671
0.64158	0.64413	0.64426	0.64261	0.64016	0.63592	0.62845	0.62148	0.6107	0.60388	0.59019	0.57516	0.56615	0.55512
0.00015	0.00004	0.00003	0	0	0	0	0	0	0	0	0	0	0
0.00722	0.00353	0.00293	0.00092	0.00041	0.00013	0.00002	0	0	0	0	0	0	0
0.00037	0.00011	0.00008	0.00001	0	0	0	0	0	0	0	0	0	0
1	1.729	2	4	6	10	20	34.02	68.05	100	200	400	600	1000
2877.5	2628.94	2577.03	2302.79	2153.54	1976.41	1754.15	1596.91	1407.53	1309.69	1145.92	997.41	917.35	823.39
2877.5	2669.16	2620.25	2366.45	2222.46	2048.27	1827.33	1670.84	1483.28	1387.04	1227.32	1084.02	1007.22	917.16
20.918	20.918	20.918	20.918	20.918	20.918	20.918	20.918	20.918	20.918	20.918	20.918	20.918	20.918
20.918	20.992	21.005	21.049	21.062	21.07	21.074	21.075	21.075	21.075	21.075	21.075	21.075	21.075
0	1	1.0105	1.312	1.6446	2.2633	3.6177	5.2693	8.7208	11.584	19.401	32.601	44.195	64.847
0	1	1.012	1.3219	1.6611	2.292	3.6766	5.3733	8.946	11.934	20.187	34.374	47.033	69.928
0	1654.5	1654.5	1654.5	1654.5	1654.5	1654.5	1654.5	1654.5	1654.5	1654.5	1654.5	1654.5	1654.5
0	1667.4	1667.4	1667.4	1667.4	1667.4	1667.4	1667.4	1667.4	1667.4	1667.4	1667.4	1667.4	1667.4
0	0.6742	0.7406	1.0194	1.1408	1.268	1.4081	1.4971	1.5948	1.6417	1.7152	1.7769	1.8084	1.8437
0	0.6664	0.7373	1.0173	1.1398	1.2684	1.4106	1.5011	1.601	1.6492	1.7253	1.7899	1.8232	1.8611
0	1115.4	1225.4	1686.7	1887.6	2097.9	2329.8	2476.9	2638.6	2716.2	2837.9	2940	2992	3050.5
0	1111.2	1229.3	1696.3	1900.6	2114.9	2352	2503	2669.6	2750	2876.9	2984.6	3040.1	3103.2
0.11833													
0.12307													
0.00383													
0.08837													
0.65621													
0.00023													
0.00929													
0.00068													
0.11833	0.11501	0.11423	0.10989	0.107	0.10283	0.09603	0.0898	0.08021	0.07413	0.0619	0.0484	0.04024	0.0302
0.12307	0.12725	0.12817	0.13302	0.13606	0.14032	0.14717	0.15341	0.16301	0.16908	0.18131	0.19481	0.20297	0.21302
0.00383	0.00242	0.00214	0.001	0.00059	0.00027	0.00008	0.00003	0.00001	0	0	0	0	0
0.08837	0.08983	0.09034	0.09401	0.09682	0.101	0.10784	0.11409	0.1237	0.12978	0.142	0.15551	0.16366	0.17371
0.65621	0.66037	0.66084	0.66066	0.65888	0.65536	0.64884	0.64266	0.63308	0.62701	0.61478	0.60128	0.59312	0.58307
0.00023	0.00008	0.00006	0.00001	0	0	0	0	0	0	0	0	0	0
0.00929	0.00483	0.00405	0.00137	0.00064	0.00022	0.00004	0.00001	0	0	0	0	0	0
0.00068	0.00023	0.00017	0.00003	0.00001	0	0	0	0	0	0	0	0	0
1	1.729	2	4	6	10	20	34.02	68.05	100	200	400	600	1000
2910.96	2662.06	2609.67	2334.5	2184.67	2006.77	1783.39	1625.25	1434.62	1336.05	1170.91	1020.91	939.92	844.75
2910.96	2709.56	2661.09	2411.37	2268.13	2093.62	1870.91	1712.53	1522.13	1424.19	1261.21	1114.47	1035.63	943.04
21.13	21.13	21.13	21.13	21.13	21.13	21.13	21.13	21.13	21.13	21.13	21.13	21.13	21.13
21.13	21.22	21.237	21.294	21.31	21.321	21.327	21.328	21.328	21.329	21.329	21.329	21.329	21.329
0	1	1.0106	1.3133	1.6471	2.2684	3.6295	5.291	8.7676	11.654	19.547	32.894	44.632	65.562
0	1	1.0124	1.3252	1.6669	2.3023	3.6973	5.4076	9.0108	12.025	20.353	34.663	47.429	70.509
0	1656.8	1656.8	1656.8	1656.8	1656.8	1656.8	1656.8	1656.8	1656.8	1656.8	1656.8	1656.8	1656.8
0	1671.8	1671.8	1671.8	1671.8	1671.8	1671.8	1671.8	1671.8	1671.8	1671.8	1671.8	1671.8	1671.8
0	0.6734	0.7403	1.0193	1.1409	1.2682	1.4088	1.498	1.5962	1.6434	1.7174	1.7796	1.8114	1.8471
0	0.6644	0.7364	1.0169	1.1398	1.2688	1.4117	1.5028	1.6034	1.652	1.7287	1.7938	1.8274	1.8656
0	1115.7	1226.6	1688.7	1890.2	2101.1	2334	2481.9	2644.6	2722.7	2845.4	2948.5	3001	3060.2
0	1110.7	1231.2	1700	1905.4	2121.2	2360.1	2512.3	2680.5	2761.7	2890	2998.9	3055	3118.8
0.10756													
0.12867													
0.004													
0.07755													
0.66912													
0.00034													
0.0116													
0.00117													
0.10756	0.10408	0.10328	0.09916	0.09655	0.09285	0.08684	0.08135	0.07289	0.06752	0.0567	0.04468	0.03738	0.02832
0.12867	0.13316	0.13414	0.1389	0.14169	0.14552	0.15158	0.15709	0.16556	0.17093	0.18175	0.19376	0.20107	0.21012
0.004	0.00263	0.00234	0.00116	0.0007	0.00034	0.0001	0.00004	0.00001	0	0	0	0	0
0.07755	0.0782	0.07855	0.08141	0.08379	0.08742	0.09344	0.09895	0.10743	0.1128	0.12362	0.13563	0.14293	0.15199
0.66912	0.67497	0.67583	0.67732	0.67628	0.67353	0.66796	0.66256	0.65412	0.64875	0.63793	0.62592	0.61862	0.60956
0.00034	0.00012	0.00009	0.00002	0	0	0	0	0	0	0	0	0	0
0.0116	0.00641	0.00543	0.00198	0.00097	0.00034	0.00007	0.00002	0	0	0	0	0	0
0.00117	0.00043	0.00033	0.00006	0.00002	0	0	0	0	0	0	0	0	0
1	1.729	2	4	6	10	20	34.02	68.05	100	200	400	600	1000
2938.46	2689.43	2636.66	2360.88	2210.64	2032.18	1807.99	1649.16	1457.59	1358.45	1192.23	1041.04	959.31	863.16
2938.46	2744.69	2696.94	2452.79	2310.99	2136.75	1912.73	1752.68	1559.69	1460.18	1294.16	1144.21	1063.45	968.45
21.325	21.325	21.325	21.325	21.325	21.325	21.325	21.325	21.325	21.325	21.325	21.325	21.325	21.325
21.325	21.432	21.453	21.525	21.547	21.562	21.57	21.572	21.572	21.572	21.572	21.572	21.572	21.572
0	1	1.0108	1.3144	1.6492	2.2727	3.6397	5.3099	8.8081	11.716	19.673	33.149	45.012	66.187
0	1	1.0129	1.3288	1.6731	2.3134	3.7193	5.4437	9.0783	12.12	20.525	34.967	47.847	71.128
0	1657.9	1657.9	1657.9	1657.9	1657.9	1657.9	1657.9	1657.9	1657.9	1657.9	1657.9	1657.9	1657.9
0	1675	1675	1675	1675	1675	1675	1675	1675	1675	1675	1675	1675	1675
0	0.6728	0.7401	1.0192	1.1409	1.2684	1.4093	1.4988	1.5974	1.6448	1.7193	1.782	1.814	1.85
0	0.6623	0.7356	1.0165	1.1398	1.2694	1.4131	1.5047	1.606	1.655	1.7323	1.798	1.8319	1.8704
0	1115.5	1227	1689.7	1891.4	2102.9	2336.5	2484.9	2648.4	2727	2850.4	2954.3	3007.3	3067
0	1109.4	1232.2	1702.7	1909.2	2126.3	2367	2520.4	2690.2	2772.2	2901.7	3011.8	3068.5	3133
0.09722													
0.13396													
0.00409													
0.0679													
0.68036													
0.00048													
0.01408													
0.00191													
0.09722	0.09342	0.09257	0.0885	0.08611	0.08282	0.07758	0.07279	0.06541	0.06072	0.05125	0.04068	0.03423	0.02617
0.13396	0.13892	0.14	0.14486	0.14749	0.15093	0.15626	0.16106	0.16846	0.17314	0.18262	0.19318	0.19964	0.2077
0.00409	0.00278	0.0025	0.0013	0.00081	0.00041	0.00013	0.00005	0.00001	0	0	0	0	0
0.0679	0.06771	0.06787	0.06982	0.07174	0.07481	0.08002	0.08482	0.09222	0.09691	0.10638	0.11695	0.12341	0.13147
0.68036	0.68792	0.68922	0.69259	0.69239	0.69049	0.6859	0.68125	0.6739	0.66922	0.65975	0.64919	0.64273	0.63467
0.00048	0.0002	0.00015	0.00003	0.00001	0	0	0	0	0	0	0	0	0
0.01408	0.00824	0.00707	0.00278	0.00142	0.00053	0.00011	0.00003	0	0	0	0	0	0
0.00191	0.0008	0.00062	0.00013	0.00004	0.00001	0	0	0	0	0	0	0	0
1	1.729	2	4	6	10	20	34.02	68.05	100	200	400	600	1000
2960.04	2711.08	2658.04	2381.93	2231.46	2052.66	1827.92	1668.63	1476.37	1376.83	1209.8	1057.72	975.42	878.5
2960.04	2774.21	2727.45	2490.46	2350.97	2177.76	1952.97	1791.48	1596.12	1495.14	1326.3	1173.33	1090.74	993.46
21.502	21.502	21.502	21.502	21.502	21.502	21.502	21.502	21.502	21.502	21.502	21.502	21.502	21.502
21.502	21.626	21.652	21.743	21.773	21.793	21.803	21.806	21.807	21.807	21.807	21.807	21.807	21.807
0	1	1.0109	1.3154	1.6511	2.2764	3.6484	5.3259	8.8426	11.768	19.781	33.367	45.337	66.72
0	1	1.0134	1.3326	1.6799	2.3255	3.7431	5.4823	9.15	12.22	20.707	35.29	48.293	71.791
0	1657.9	1657.9	1657.9	1657.9	1657.9	1657.9	1657.9	1657.9	1657.9	1657.9	1657.9	1657.9	1657.9
0	1677.2	1677.2	1677.2	1677.2	1677.2	1677.2	1677.2	1677.2	1677.2	1677.2	1677.2	1677.2	1677.2
0	0.6723	0.7399	1.0191	1.1409	1.2686	1.4098	1.4996	1.5985	1.6461	1.7209	1.784	1.8162	1.8525
0	0.6603	0.7348	1.0162	1.1399	1.2701	1.4146	1.5069	1.609	1.6583	1.7363	1.8026	1.8368	1.8756
0	1114.6	1226.6	1689.5	1891.4	2103.2	2337.2	2486.1	2650.1	2729	2853.1	2957.6	3010.9	3071.1
0	1107.4	1232.5	1704.4	1911.8	2130.2	2372.6	2527.3	2698.5	2781.3	2912.2	3023.3	3080.7	3145.8
0.08742													
0.13883													
0.0041													
0.05937													
0.69003													
0.00065													
0.01663													
0.00299													
0.08742	0.08316	0.0822	0.07797	0.07572	0.07279	0.06826	0.06414	0.05779	0.05376	0.04559	0.03643	0.03081	0.02375
0.13883	0.1444	0.14562	0.15081	0.15337	0.15651	0.16116	0.1653	0.17166	0.1757	0.18387	0.19302	0.19865	0.20571
0.0041	0.00287	0.00259	0.00142	0.00091	0.00048	0.00016	0.00006	0.00001	0.00001	0	0	0	0
0.05937	0.05834	0.05828	0.05922	0.06063	0.06312	0.06753	0.07165	0.07801	0.08204	0.09022	0.09937	0.105	0.11206
0.69003	0.69924	0.701	0.70645	0.70722	0.70627	0.70271	0.6988	0.69252	0.6885	0.68033	0.67117	0.66555	0.65849
0.00065	0.00029	0.00023	0.00005	0.00002	0	0	0	0	0	0	0	0	0
0.01663	0.0103	0.00896	0.00381	0.00203	0.0008	0.00018	0.00005	0.00001	0	0	0	0	0
0.00299	0.0014	0.00112	0.00027	0.00009	0.00002	0	0	0	0	0	0	0	0
1	1.729	2	4	6	10	20	34.02	68.05	100	200	400	600	1000
2975.88	2727.19	2673.96	2397.8	2247.25	2068.3	1843.28	1683.71	1491.04	1391.23	1223.66	1070.95	988.24	890.76
2975.88	2797.76	2752.21	2523.9	2387.81	2216.64	1991.79	1829.12	1631.58	1529.23	1357.74	1201.92	1117.61	1018.13
21.661	21.661	21.661	21.661	21.661	21.661	21.661	21.661	21.661	21.661	21.661	21.661	21.661	21.661
21.661	21.803	21.833	21.946	21.985	22.013	22.028	22.031	22.033	22.033	22.033	22.033	22.033	22.033
0	1	1.011	1.3162	1.6526	2.2795	3.6556	5.3392	8.8711	11.811	19.87	33.547	45.607	67.164
0	1	1.0138	1.3367	1.6874	2.339	3.7692	5.5244	9.2274	12.328	20.902	35.636	48.773	72.508
0	1656.8	1656.8	1656.8	1656.8	1656.8	1656.8	1656.8	1656.8	1656.8	1656.8	1656.8	1656.8	1656.8
0	1678.2	1678.2	1678.2	1678.2	1678.2	1678.2	1678.2	1678.2	1678.2	1678.2	1678.2	1678.2	1678.2
0	0.6719	0.7397	1.019	1.1409	1.2688	1.4102	1.5001	1.5994	1.6471	1.7223	1.7856	1.818	1.8545
0	0.6583	0.7341	1.016	1.1401	1.271	1.4164	1.5094	1.6123	1.662	1.7408	1.8077	1.8422	1.8814
0	1113.2	1225.6	1688.3	1890.3	2102.1	2336.4	2485.5	2649.8	2729	2853.5	2958.4	3012.1	3072.6
0	1104.8	1232	1705	1913.3	2133	2377.1	2533	2705.7	2789.3	2921.4	3033.7	3091.6	3157.5
0.07825													
0.14316													
0.00403													
0.05191													
0.69822													
0.00084													
0.01914													
0.00446													
0.07825	0.07343	0.07233	0.06769	0.06545	0.06278	0.05889	0.05541	0.05006	0.04665	0.03974	0.03196	0.02715	0.02109
0.14316	0.14942	0.15084	0.15664	0.15928	0.16222	0.16627	0.16978	0.17515	0.17855	0.18547	0.19325	0.19805	0.20412
0.00403	0.00289	0.00263	0.0015	0.001	0.00054	0.0002	0.00008	0.00002	0.00001	0	0	0	0
0.05191	0.05007	0.04979	0.04961	0.05045	0.05232	0.05592	0.05936	0.06472	0.06813	0.07505	0.08283	0.08763	0.09369
0.69822	0.70892	0.71116	0.71884	0.72074	0.7209	0.71845	0.71529	0.71005	0.70665	0.69974	0.69196	0.68716	0.6811
0.00084	0.00041	0.00033	0.00009	0.00003	0.00001	0	0	0	0	0	0	0	0
0.01914	0.0125	0.01101	0.00509	0.00285	0.00119	0.00028	0.00008	0.00001	0	0	0	0	0
0.00446	0.00235	0.00192	0.00054	0.0002	0.00004	0	0	0	0	0	0	0	0
1	1.729	2	4	6	10	20	34.02	68.05	100	200	400	600	1000
2986.32	2738.06	2684.72	2408.77	2258.28	2079.35	1854.29	1694.64	1501.77	1401.82	1233.95	1080.86	997.88	900.04
2986.32	2815.11	2770.86	2552.28	2420.92	2253.23	2029.31	1865.77	1666.28	1562.65	1388.66	1230.13	1144.18	1042.59
21.803	21.803	21.803	21.803	21.803	21.803	21.803	21.803	21.803	21.803	21.803	21.803	21.803	21.803
21.803	21.96	21.995	22.133	22.184	22.222	22.243	22.248	22.25	22.25	22.251	22.251	22.251	22.251
0	1	1.011	1.3168	1.6538	2.282	3.6614	5.35	8.8942	11.846	19.942	33.692	45.824	67.523
0	1	1.0143	1.3409	1.6954	2.3538	3.7984	5.5711	9.3122	12.446	21.113	36.011	49.294	73.29
0	1654.8	1654.8	1654.8	1654.8	1654.8	1654.8	1654.8	1654.8	1654.8	1654.8	1654.8	1654.8	1654.8
0	1678	1678	1678	1678	1678	1678	1678	1678	1678	1678	1678	1678	1678
0	0.6715	0.7396	1.0189	1.1409	1.2689	1.4105	1.5006	1.6001	1.648	1.7234	1.7869	1.8195	1.8562
0	0.6566	0.7335	1.0158	1.1404	1.272	1.4185	1.5122	1.616	1.6663	1.7458	1.8134	1.8483	1.8879
0	1111.2	1223.9	1686.2	1888	2099.8	2334.1	2483.3	2647.8	2727.1	2851.9	2957.1	3010.9	3071.7
0	1101.8	1230.8	1704.5	1913.6	2134.5	2380.3	2537.5	2711.7	2796	2929.4	3042.8	3101.4	3167.9
0.06979													
0.14688													
0.00389													
0.04544													
0.70508													
0.00104													
0.02151													
0.00638													
0.06979	0.06439	0.06311	0.0578	0.0554	0.05284	0.04949	0.04662	0.04222	0.03942	0.03372	0.02728	0.02328	0.01821
0.14688	0.15384	0.15547	0.16215	0.16506	0.16799	0.17155	0.17447	0.17889	0.18169	0.1874	0.19384	0.19783	0.2029
0.00389	0.00284	0.00259	0.00154	0.00105	0.00059	0.00023	0.00009	0.00002	0.00001	0	0	0	0
0.04544	0.04288	0.04237	0.04103	0.04121	0.04237	0.04513	0.04791	0.0523	0.0551	0.06081	0.06725	0.07125	0.07631
0.70508	0.71703	0.7197	0.72966	0.73287	0.73436	0.73316	0.73078	0.72654	0.72377	0.71807	0.71163	0.70764	0.70257
0.00104	0.00056	0.00046	0.00015	0.00006	0.00001	0	0	0	0	0	0	0	0
0.02151	0.01473	0.01314	0.00661	0.0039	0.00173	0.00044	0.00012	0.00002	0.00001	0	0	0	0
0.00638	0.00374	0.00315	0.00106	0.00044	0.00011	0.00001	0	0	0	0	0	0	0
1	1.729	2	4	6	10	20	34.02	68.05	100	200	400	600	1000
2991.85	2744.18	2690.81	2415.27	2264.96	2086.22	1861.32	1701.73	1508.88	1408.91	1240.94	1087.68	1004.57	906.52
2991.85	2826.33	2783.28	2574.5	2449.12	2286.94	2065.59	1901.65	1700.44	1595.62	1419.23	1258.12	1170.59	1066.97
21.929	21.929	21.929	21.929	21.929	21.929	21.929	21.929	21.929	21.929	21.929	21.929	21.929	21.929
21.929	22.098	22.138	22.3	22.367	22.419	22.449	22.457	22.46	22.46	22.461	22.461	22.461	22.461
0	1	1.0111	1.3173	1.6548	2.284	3.666	5.3584	8.9122	11.873	19.998	33.805	45.994	67.802
0	1	1.0147	1.3448	1.7035	2.3699	3.8311	5.6234	9.4062	12.576	21.345	36.422	49.865	74.149
0	1652	1652	1652	1652	1652	1652	1652	1652	1652	1652	1652	1652	1652
0	1676.6	1676.6	1676.6	1676.6	1676.6	1676.6	1676.6	1676.6	1676.6	1676.6	1676.6	1676.6	1676.6
0	0.6712	0.7395	1.0189	1.1409	1.269	1.4107	1.501	1.6006	1.6486	1.7242	1.788	1.8206	1.8575
0	0.6552	0.733	1.0157	1.1408	1.2732	1.4208	1.5154	1.6202	1.6709	1.7513	1.8197	1.8549	1.8951
0	1108.9	1221.6	1683.2	1884.8	2096.4	2330.5	2479.7	2644.2	2723.5	2848.4	2953.8	3007.7	3068.6
0	1098.5	1228.9	1702.9	1912.7	2134.6	2382.1	2540.6	2716.3	2801.4	2936.1	3050.8	3109.9	3177.2
0.06208													
0.14995													
0.00371													
0.03985													
0.71078													
0.00124													
0.02365													
0.00875													
0.06208	0.05614	0.05468	0.04854	0.04576	0.04306	0.0401	0.03778	0.03429	0.03207	0.02755	0.02241	0.01921	0.01513
0.14995	0.15753	0.15937	0.16708	0.1705	0.17371	0.17696	0.17936	0.18287	0.1851	0.18962	0.19476	0.19796	0.20204
0.00371	0.00273	0.0025	0.00153	0.00107	0.00063	0.00025	0.00011	0.00003	0.00001	0	0	0	0
0.03985	0.03672	0.03601	0.03354	0.03298	0.03329	0.03513	0.03726	0.0407	0.04292	0.04745	0.05259	0.05578	0.05986
0.71078	0.72368	0.72672	0.73877	0.74343	0.74653	0.74684	0.74529	0.74207	0.73989	0.73538	0.73024	0.72705	0.72297
0.00124	0.00072	0.00061	0.00022	0.0001	0.00003	0	0	0	0	0	0	0	0
0.02365	0.01685	0.01521	0.00832	0.00521	0.00248	0.00068	0.0002	0.00003	0.00001	0	0	0	0
0.00875	0.00565	0.00491	0.002	0.00094	0.00027	0.00003	0	0	0	0	0	0	0
1	1.729	2	4	6	10	20	34.02	68.05	100	200	400	600	1000
2993.07	2746.11	2692.77	2417.82	2267.81	2089.39	1864.83	1705.44	1512.78	1412.89	1244.99	1091.75	1008.62	910.51
2993.07	2831.78	2789.71	2589.47	2470.63	2316.3	2100.41	1936.93	1734.35	1628.4	1449.73	1286.12	1197.05	1091.47
22.04	22.04	22.04	22.04	22.04	22.04	22.04	22.04	22.04	22.04	22.04	22.04	22.04	22.04
22.04	22.218	22.261	22.445	22.527	22.6	22.646	22.658	22.662	22.663	22.663	22.663	22.663	22.663
0	1	1.0111	1.3177	1.6556	2.2855	3.6695	5.3648	8.9258	11.893	20.04	33.89	46.12	68.01
0	1	1.015	1.3481	1.7108	2.3863	3.8673	5.682	9.5113	12.721	21.602	36.876	50.495	75.097
0	1648.5	1648.5	1648.5	1648.5	1648.5	1648.5	1648.5	1648.5	1648.5	1648.5	1648.5	1648.5	1648.5
0	1674	1674	1674	1674	1674	1674	1674	1674	1674	1674	1674	1674	1674
0	0.671	0.7394	1.0188	1.1409	1.2691	1.4109	1.5013	1.601	1.6491	1.7248	1.7888	1.8215	1.8585
0	0.6542	0.7327	1.0157	1.1412	1.2743	1.4232	1.5187	1.6246	1.6759	1.7572	1.8265	1.8622	1.9028
0	1106.2	1218.9	1679.5	1880.8	2092.1	2325.9	2474.9	2639.3	2718.6	2843.4	2948.8	3002.7	3063.7
0	1095.1	1226.5	1700.3	1910.4	2133.3	2382.4	2542.2	2719.6	2805.5	2941.6	3057.5	3117.3	3185.3
0.05512													
0.15238													
0.00349													
0.03504													
0.71548													
0.00143													
0.02551													
0.01156													
0.05512	0.04875	0.04714	0.04016	0.03684	0.03366	0.03076	0.0289	0.02627	0.02461	0.02123	0.01736	0.01495	0.01185
0.15238	0.16042	0.16244	0.17115	0.17525	0.17911	0.18244	0.18441	0.18708	0.18875	0.19214	0.196	0.19842	0.20151
0.00349	0.00257	0.00236	0.00146	0.00105	0.00064	0.00027	0.00012	0.00003	0.00002	0	0	0	0
0.03504	0.03148	0.03063	0.02719	0.02587	0.02518	0.02592	0.02736	0.02988	0.03153	0.03492	0.03878	0.0412	0.0443
0.71548	0.72903	0.73234	0.74609	0.75216	0.75719	0.75945	0.75886	0.75667	0.75507	0.75171	0.74785	0.74544	0.74234
0.00143	0.00088	0.00076	0.00032	0.00016	0.00005	0.00001	0	0	0	0	0	0	0
0.02551	0.01875	0.0171	0.01008	0.00673	0.00351	0.00106	0.00034	0.00006	0.00002	0	0	0	0
0.01156	0.00811	0.00724	0.00356	0.00195	0.00068	0.00009	0.00001	0	0	0	0	0	0
1	1.729	2	4	6	10	20	34.02	68.05	100	200	400	600	1000
2990.63	2744.47	2691.21	2417.01	2267.38	2089.37	1865.3	1706.22	1513.9	1414.16	1246.5	1093.43	1010.37	912.32
2990.63	2832.13	2790.75	2596.68	2483.48	2338.26	2132.56	1971.58	1768.37	1661.41	1480.53	1314.47	1223.9	1116.38
22.138	22.138	22.138	22.138	22.138	22.138	22.138	22.138	22.138	22.138	22.138	22.138	22.138	22.138
22.138	22.321	22.367	22.565	22.661	22.756	22.829	22.85	22.857	22.858	22.859	22.859	22.859	22.859
0	1	1.0112	1.318	1.6561	2.2866	3.672	5.3693	8.9354	11.908	20.069	33.949	46.208	68.156
0	1	1.0152	1.3504	1.7164	2.4008	3.9058	5.7476	9.6299	12.884	21.889	37.38	51.196	76.152
0	1644.4	1644.4	1644.4	1644.4	1644.4	1644.4	1644.4	1644.4	1644.4	1644.4	1644.4	1644.4	1644.4
0	1670.5	1670.5	1670.5	1670.5	1670.5	1670.5	1670.5	1670.5	1670.5	1670.5	1670.5	1670.5	1670.5
0	0.6709	0.7393	1.0188	1.1409	1.2691	1.411	1.5015	1.6013	1.6495	1.7253	1.7893	1.8221	1.8591
0	0.6536	0.7324	1.0157	1.1415	1.2752	1.4253	1.5218	1.629	1.681	1.7634	1.8335	1.8697	1.9109
0	1103.2	1215.7	1675.3	1876.1	2087	2320.4	2469.1	2633.3	2712.4	2837.1	2942.4	2996.3	3057.2
0	1091.7	1223.5	1696.7	1906.8	2130.2	2380.9	2542.1	2721.2	2808	2945.6	3062.8	3123.3	3192.1
0.04889													
0.15418													
0.00325													
0.0309													
0.71934													
0.0016													
0.02705													
0.01477													
0.04889	0.04223	0.04051	0.03288	0.02901	0.02506	0.02164	0.02004	0.01818	0.01705	0.01477	0.01215	0.0105	0.00838
0.15418	0.16252	0.16466	0.17411	0.17887	0.18369	0.18778	0.18956	0.19149	0.19263	0.19492	0.19754	0.19919	0.20131
0.00325	0.00239	0.00218	0.00135	0.00098	0.00061	0.00027	0.00013	0.00004	0.00002	0	0	0	0
0.0309	0.02708	0.02611	0.02198	0.02002	0.01827	0.01758	0.01822	0.0198	0.0209	0.02318	0.0258	0.02745	0.02957
0.71934	0.73327	0.73675	0.75164	0.75884	0.76581	0.77073	0.77143	0.77038	0.76936	0.76713	0.76451	0.76287	0.76075
0.0016	0.00103	0.0009	0.00042	0.00024	0.0001	0.00002	0	0	0	0	0	0	0
0.02705	0.02036	0.01872	0.01172	0.0083	0.00479	0.00168	0.00058	0.0001	0.00004	0	0	0	0
0.01477	0.01112	0.01017	0.0059	0.00375	0.00168	0.0003	0.00005	0	0	0	0	0	0
1	1.729	2	4	6	10	20	34.02	68.05	100	200	400	600	1000
2985.12	2739.85	2686.71	2413.37	2264.19	2086.69	1863.22	1704.55	1512.68	1413.17	1245.86	1093.08	1010.17	912.29
2985.12	2828.17	2787.18	2596.57	2486.84	2348.63	2157.01	2004.1	1802.98	1695.3	1512.31	1343.81	1251.74	1142.27
22.224	22.224	22.224	22.224	22.224	22.224	22.224	22.224	22.224	22.224	22.224	22.224	22.224	22.224
22.224	22.41	22.457	22.662	22.767	22.879	22.986	23.028	23.044	23.047	23.048	23.048	23.048	23.048
0	1	1.0112	1.3182	1.6565	2.2873	3.6737	5.3723	8.9417	11.917	20.088	33.987	46.265	68.248
0	1	1.0153	1.3515	1.7194	2.4101	3.9401	5.8181	9.7661	13.071	22.218	37.956	51.995	77.355
0	1639.9	1639.9	1639.9	1639.9	1639.9	1639.9	1639.9	1639.9	1639.9	1639.9	1639.9	1639.9	1639.9
0	1666.1	1666.1	1666.1	1666.1	1666.1	1666.1	1666.1	1666.1	1666.1	1666.1	1666.1	1666.1	1666.1
0	0.6707	0.7393	1.0188	1.1409	1.2691	1.4111	1.5016	1.6015	1.6497	1.7256	1.7897	1.8225	1.8596
0	0.6532	0.7323	1.0157	1.1417	1.2758	1.4267	1.5243	1.6329	1.6856	1.7692	1.8404	1.8772	1.9191
0	1099.9	1212.3	1670.7	1871	2081.3	2314.1	2462.5	2626.3	2705.3	2829.8	2934.9	2988.7	3049.5
0	1088.3	1220.1	1692.3	1902.1	2125.6	2377.1	2539.6	2720.6	2808.5	2947.7	3066.3	3127.6	3197.3
0.04335													
0.15542													
0.00301													
0.02734													
0.72251													
0.00175													
0.02828													
0.01833													
0.04335	0.03654	0.03477	0.02678	0.02257	0.01795	0.01336	0.01139	0.01003	0.00939	0.00816	0.00675	0.00586	0.00471
0.15542	0.16388	0.16608	0.1759	0.18105	0.18668	0.19223	0.19457	0.19608	0.19673	0.19797	0.19938	0.20027	0.20143
0.00301	0.00219	0.00199	0.00122	0.00087	0.00054	0.00024	0.00012	0.00004	0.00002	0	0	0	0
0.02734	0.02337	0.02235	0.01782	0.01545	0.0129	0.01056	0.00997	0.01046	0.011	0.01221	0.01361	0.0145	0.01566
0.72251	0.7366	0.74015	0.75562	0.76346	0.77182	0.77976	0.78263	0.78317	0.78278	0.78165	0.78025	0.77936	0.77821
0.00175	0.00116	0.00103	0.00053	0.00032	0.00015	0.00004	0.00001	0	0	0	0	0	0
0.02828	0.02164	0.02001	0.01308	0.00968	0.00612	0.00263	0.00105	0.00021	0.00007	0.00001	0	0	0
0.01833	0.01461	0.01362	0.00906	0.00659	0.00384	0.00119	0.00027	0.00002	0	0	0	0	0
