10	1	2	3	4	5	6	8	9	10	11
6	2.0	2.3	2.6	2.9	3.1	3.4
6	3	2	10	68.05	100	400	1000
1	1.7401	2	10	68.05	100	400	1000
2985.72	2678.95	2623.89	1924.04	1295.15	1190.98	868.25	696.08
2985.72	2724.9	2671.37	1997.83	1375.25	1274.58	972.14	816.73
20.801	20.801	20.801	20.801	20.801	20.801	20.801	20.801
20.801	20.876	20.887	20.944	20.948	20.948	20.948	20.948
0	1	1.008	2.1807	8.029	10.561	28.648	55.564
0	1	1.0094	2.2096	8.2857	10.975	31.034	62.884
0	1670.2	1670.2	1670.2	1670.2	1670.2	1670.2	1670.2
0	1685	1685	1685	1685	1685	1685	1685
0	0.6873	0.746	1.2643	1.5729	1.6159	1.7371	1.7951
0	0.6786	0.7421	1.2642	1.579	1.6235	1.7517	1.8157
0	1148	1245.9	2111.6	2627.1	2698.9	2901.3	2998.1
0	1143.5	1250.4	2130.2	2660.6	2735.6	2951.5	3059.4
0.1802	0	0	0	0	0	0	0
0.05055	0	0	0	0	0	0	0
0.00743	0	0	0	0	0	0	0
0.16625	0	0	0	0	0	0	0
0.3438	0	0	0	0	0	0	0
0.00061	0	0	0	0	0	0	0
0.24544	0	0	0	0	0	0	0
0.00014	0	0	0	0	0	0	0
0.00547	0	0	0	0	0	0	0
0.00011	0	0	0	0	0	0	0
0.1802	0.17795	0.17739	0.16567	0.13663	0.12803	0.0888	0.05844
0.05055	0.05362	0.0543	0.06666	0.09575	0.10434	0.14357	0.17393
0.00743	0.00412	0.00358	0.00026	0	0	0	0
0.16625	0.1692	0.16993	0.18307	0.21228	0.22087	0.26011	0.29047
0.3438	0.34589	0.34592	0.33684	0.30787	0.29928	0.26004	0.22968
0.00061	0.00021	0.00017	0	0	0	0	0
0.24544	0.24652	0.24668	0.24744	0.24748	0.24748	0.24748	0.24748
0.00014	0.00003	0.00002	0	0	0	0	0
0.00547	0.00241	0.00199	0.00005	0	0	0	0
0.00011	0.00003	0.00002	0	0	0	0	0
1	1.7401	2	10	68.05	100	400	1000
3171.74	2858.72	2800.31	2078.44	1423.96	1314.66	973.04	787.95
3171.74	2943.36	2890.4	2234.61	1569.57	1458.65	1117.72	937.57
22.061	22.061	22.061	22.061	22.061	22.061	22.061	22.061
22.061	22.208	22.235	22.399	22.415	22.415	22.415	22.415
0	1	1.0086	2.2028	8.2295	10.861	29.85	58.404
0	1	1.0115	2.2617	8.5999	11.413	32.344	65.366
0	1676.5	1676.5	1676.5	1676.5	1676.5	1676.5	1676.5
0	1701.7	1701.7	1701.7	1701.7	1701.7	1701.7	1701.7
0	0.684	0.7446	1.2653	1.579	1.6231	1.7485	1.8092
0	0.6685	0.738	1.2666	1.591	1.6372	1.7707	1.8374
0	1146.7	1248.4	2121.2	2647.1	2721.1	2931.4	3033.1
0	1137.5	1255.9	2155.3	2707.4	2786	3013.2	3126.7
0.15163	0	0	0	0	0	0	0
0.07084	0	0	0	0	0	0	0
0.01026	0	0	0	0	0	0	0
0.10691	0	0	0	0	0	0	0
0.38637	0	0	0	0	0	0	0
0.00243	0	0	0	0	0	0	0
0.25457	0	0	0	0	0	0	0
0.0008	0	0	0	0	0	0	0
0.01505	0	0	0	0	0	0	0
0.00113	0	0	0	0	0	0	0
0.15163	0.1487	0.14803	0.13824	0.11632	0.10993	0.08037	0.05623
0.07084	0.07525	0.0762	0.08764	0.10972	0.11611	0.14567	0.16981
0.01026	0.00692	0.00622	0.00089	0.00001	0	0	0
0.10691	0.10702	0.10727	0.11611	0.13836	0.14475	0.17431	0.19846
0.38637	0.39444	0.39577	0.3969	0.37569	0.36931	0.33976	0.31561
0.00243	0.0012	0.00099	0.00003	0	0	0	0
0.25457	0.25689	0.25731	0.25969	0.25989	0.2599	0.2599	0.2599
0.0008	0.00032	0.00025	0	0	0	0	0
0.01505	0.00878	0.00758	0.0005	0	0	0	0
0.00113	0.00047	0.00037	0	0	0	0	0
1	1.7401	2	10	68.05	100	400	1000
3266.48	2952.4	2892.38	2163.04	1498.22	1386.69	1036.46	845.08
3266.47	3072.58	3024.2	2444.45	1760.64	1641.14	1266.94	1063.96
23.095	23.095	23.095	23.095	23.095	23.095	23.095	23.095
23.095	23.316	23.366	23.74	23.803	23.804	23.804	23.804
0	1	1.009	2.2167	8.3565	11.052	30.633	60.298
0	1	1.0136	2.3309	9.0051	11.974	34.085	68.867
0	1665.8	1665.8	1665.8	1665.8	1665.8	1665.8	1665.8
0	1699.9	1699.9	1699.9	1699.9	1699.9	1699.9	1699.9
0	0.6819	0.7438	1.2659	1.5828	1.6277	1.7558	1.8182
0	0.6598	0.7348	1.2711	1.6083	1.6568	1.7972	1.8674
0	1136	1239	2108.8	2636.7	2711.5	2924.9	3028.8
0	1121.6	1249.1	2160.7	2734	2816.3	3055	3174.5
0.12099	0	0	0	0	0	0	0
0.09251	0	0	0	0	0	0	0
0.01049	0	0	0	0	0	0	0
0.06733	0	0	0	0	0	0	0
0.40693	0	0	0	0	0	0	0
0.00599	0	0	0	0	0	0	0
0.26057	0	0	0	0	0	0	0
0.00234	0	0	0	0	0	0	0
0.02733	0	0	0	0	0	0	0
0.00551	0	0	0	0	0	0	0
0.12099	0.11565	0.11436	0.10232	0.08763	0.08344	0.06378	0.04702
0.09251	0.09988	0.10164	0.11713	0.1324	0.1366	0.15626	0.17302
0.01049	0.00793	0.00733	0.00189	0.00007	0.00003	0	0
0.06733	0.06439	0.06382	0.06379	0.0778	0.082	0.10168	0.11844
0.40693	0.41973	0.42259	0.4408	0.43043	0.42627	0.40662	0.38986
0.00599	0.00387	0.0034	0.00032	0	0	0	0
0.26057	0.26415	0.26495	0.27076	0.27164	0.27165	0.27165	0.27165
0.00234	0.00135	0.00114	0.00005	0	0	0	0
0.02733	0.01959	0.01777	0.00279	0.00003	0.00001	0	0
0.00551	0.00346	0.00299	0.00014	0	0	0	0
1	1.7401	2	10	68.05	100	400	1000
3290.36	2978.57	2918.21	2191.31	1526.72	1414.97	1063.29	870.34
3290.36	3115.19	3070.64	2588.84	1955.39	1829.43	1425.37	1200.86
23.917	23.917	23.917	23.917	23.917	23.917	23.917	23.917
23.917	24.179	24.244	24.866	25.114	25.119	25.121	25.121
0	1	1.0092	2.2243	8.4255	11.157	31.065	61.359
0	1	1.0148	2.398	9.5574	12.735	36.437	73.715
0	1644.6	1644.6	1644.6	1644.6	1644.6	1644.6	1644.6
0	1682.4	1682.4	1682.4	1682.4	1682.4	1682.4	1682.4
0	0.6808	0.7433	1.2663	1.5849	1.6302	1.7598	1.8232
0	0.6554	0.7333	1.2754	1.6285	1.68	1.8297	1.9049
0	1119.6	1222.5	2082.5	2606.6	2681	2894.1	2998.4
0	1102.7	1233.6	2145.7	2739.8	2826.4	3078.3	3204.8
0.0931	0	0	0	0	0	0	0
0.11098	0	0	0	0	0	0	0
0.00897	0	0	0	0	0	0	0
0.04351	0	0	0	0	0	0	0
0.41215	0	0	0	0	0	0	0
0.01035	0	0	0	0	0	0	0
0.26407	0	0	0	0	0	0	0
0.00421	0	0	0	0	0	0	0
0.03716	0	0	0	0	0	0	0
0.01549	0	0	0	0	0	0	0
0.0931	0.08529	0.08323	0.06195	0.04918	0.04719	0.03772	0.0292
0.11098	0.12102	0.12365	0.15023	0.16512	0.16714	0.17664	0.18516
0.00897	0.00699	0.00652	0.00241	0.00021	0.0001	0	0
0.04351	0.03938	0.03836	0.02961	0.03175	0.03366	0.04312	0.05165
0.41215	0.4263	0.42983	0.4622	0.47067	0.46901	0.45971	0.45118
0.01035	0.00776	0.00714	0.00186	0.00003	0.00001	0	0
0.26407	0.26831	0.26936	0.279	0.28271	0.28277	0.2828	0.2828
0.00421	0.00293	0.00263	0.00045	0	0	0	0
0.03716	0.02958	0.02768	0.00943	0.00033	0.00011	0	0
0.01549	0.01244	0.01161	0.00286	0.00001	0	0	0
1	1.7401	2	10	68.05	100	400	1000
3281.53	2972.24	2912.08	2189.88	1528.84	1417.6	1067.29	874.85
3281.53	3111.03	3067.5	2615.24	2080.86	1961.07	1543.17	1304.32
24.37	24.37	24.37	24.37	24.37	24.37	24.37	24.37
24.37	24.641	24.71	25.407	25.915	25.945	25.962	25.963
0	1	1.0093	2.227	8.4498	11.193	31.218	61.738
0	1	1.015	2.4164	9.9973	13.388	38.517	78.031
0	1627.6	1627.6	1627.6	1627.6	1627.6	1627.6	1627.6
0	1665.8	1665.8	1665.8	1665.8	1665.8	1665.8	1665.8
0	0.6804	0.7432	1.2664	1.5857	1.6311	1.7612	1.8249
0	0.6545	0.7329	1.2764	1.6377	1.6917	1.8496	1.9291
0	1107.4	1209.6	2061.2	2580.9	2654.8	2866.6	2970.3
0	1090.2	1220.9	2126.2	2728	2818	3081	3213.5
0.0773	0	0	0	0	0	0	0
0.12051	0	0	0	0	0	0	0
0.00766	0	0	0	0	0	0	0
0.03324	0	0	0	0	0	0	0
0.41102	0	0	0	0	0	0	0
0.0131	0	0	0	0	0	0	0
0.26558	0	0	0	0	0	0	0
0.00522	0	0	0	0	0	0	0
0.04123	0	0	0	0	0	0	0
0.02513	0	0	0	0	0	0	0
0.0773	0.06857	0.06622	0.04056	0.01911	0.01755	0.01416	0.01135
0.12051	0.13143	0.13434	0.16566	0.19123	0.19304	0.19657	0.19938
0.00766	0.00594	0.00552	0.00206	0.00028	0.00015	0.00001	0
0.03324	0.02909	0.02802	0.01743	0.01	0.01001	0.01267	0.01547
0.41102	0.42497	0.42852	0.46315	0.48743	0.48854	0.48667	0.48387
0.0131	0.01031	0.00964	0.00373	0.00031	0.00011	0	0
0.26558	0.27	0.27112	0.28185	0.28924	0.28967	0.28992	0.28992
0.00522	0.00384	0.00352	0.00097	0.00003	0.00001	0	0
0.04123	0.03379	0.03191	0.01408	0.00174	0.00077	0.00001	0
0.02513	0.02205	0.02118	0.01051	0.00063	0.00016	0	0
1	1.7401	2	10	68.05	100	400	1000
3246.98	2942.09	2882.6	2169.77	1516.72	1406.77	1060.45	870.09
3246.98	3077.45	3034.08	2579.95	2039.72	1924.64	1521.45	1285
24.941	24.941	24.941	24.941	24.941	24.941	24.941	24.941
24.941	25.209	25.278	25.956	26.426	26.46	26.496	26.498
0	1	1.0093	2.2287	8.4651	11.216	31.316	61.986
0	1	1.015	2.4136	9.9474	13.337	38.52	77.972
0	1600.8	1600.8	1600.8	1600.8	1600.8	1600.8	1600.8
0	1638	1638	1638	1638	1638	1638	1638
0	0.6801	0.7431	1.2665	1.5861	1.6316	1.7621	1.826
0	0.6544	0.7329	1.2762	1.6363	1.6901	1.8478	1.9273
0	1088.7	1189.5	2027.4	2539.1	2611.9	2820.7	2923.1
0	1072	1200.5	2090.4	2680.3	2768.4	3026.7	3157
0.05785	0	0	0	0	0	0	0
0.13079	0	0	0	0	0	0	0
0.0058	0	0	0	0	0	0	0
0.02282	0	0	0	0	0	0	0
0.40603	0	0	0	0	0	0	0
0.01655	0	0	0	0	0	0	0
0.26724	0	0	0	0	0	0	0
0.00617	0	0	0	0	0	0	0
0.04399	0	0	0	0	0	0	0
0.04277	0	0	0	0	0	0	0
0.05785	0.04876	0.04635	0.02091	0.00229	0.00105	0.00002	0
0.13079	0.14191	0.14484	0.1754	0.19758	0.19908	0.20038	0.20041
0.0058	0.00436	0.00402	0.00124	0.00007	0.00003	0	0
0.02282	0.01906	0.0181	0.00845	0.00117	0.00059	0.00002	0
0.40603	0.41913	0.42246	0.45483	0.47776	0.47966	0.4819	0.48205
0.01655	0.01348	0.01273	0.00611	0.00177	0.00128	0.00028	0.00008
0.26724	0.27174	0.27287	0.28367	0.29102	0.29166	0.29255	0.29267
0.00617	0.00467	0.00431	0.00143	0.00014	0.00007	0	0
0.04399	0.0365	0.03461	0.01659	0.00357	0.00223	0.00022	0.00003
0.04277	0.0404	0.03971	0.03137	0.02463	0.02436	0.02462	0.02475